tdcq1
14,16,3
13,16,2
12,16,1
12,16,0
tdcq2
15,16,6
3,7,5
14,16,5
0,8,4
13,16,4
0,8,3
12,16,3
0,8,2
14,16,2
0,8,1
14,16,1
0,8,0
13,16,0
tdcq3
0,3,7
0,4,6
0,5,5
0,6,4
0,7,3
0,7,2
0,7,1
0,7,0
tdcq4
tdcq5
tdcq6
tdcq7
15,16,1
15,16,0
tdcq8
4,8,11
4,8,10
5,8,9
6,8,8
6,8,7
6,8,6
6,8,5
6,8,4
0,1,3
6,8,3
0,1,2
6,8,2
6,7,1
5,7,0
tdcq9
tdcq10
15,16,3
13,16,2
12,15,1
11,14,0
tdcq11
11,12,5
10,13,4
0,1,3
10,13,3
10,13,2
9,13,1
7,13,0
tdcq12
tdcq13
tdcq14
15,16,4
14,16,3
13,16,2
12,16,1
10,16,0
tdcq15
2,3,5
0,5,4
0,5,3
0,7,2
0,8,1
0,9,0
tdcq16
tdcq17
11,16,15
11,16,14
11,16,13
12,16,12
12,16,11
13,16,10
14,16,9
15,16,8
tdcq18
0,7,15
12,16,15
0,6,14
8,16,14
0,5,13
7,16,13
0,16,12
0,16,11
0,16,10
0,16,9
0,1,8
3,16,8
3,16,7
3,15,6
3,15,5
3,14,4
3,12,3
2,12,2
1,14,1
15,16,1
0,2,0
4,16,0
tdcq19
0,6,15
0,5,14
0,3,13
0,2,12
0,1,11
11,16,9
10,16,8
9,16,7
9,16,6
8,9,5
10,16,5
7,8,4
9,10,4
13,16,4
7,8,3
14,16,3
13,16,2
13,16,1
0,2,0
12,16,0
tdcq20
0,1,9
0,2,8
0,2,7
0,3,6
0,4,5
0,4,4
0,5,3
0,5,2
0,5,1
0,6,0
tdcq21
tdcq22
11,12,14
10,13,13
9,14,12
8,15,11
0,3,10
7,16,10
0,16,9
0,16,8
0,16,7
0,16,6
1,15,5
3,13,4
4,12,3
15,16,3
5,11,2
14,16,2
5,11,1
14,16,1
4,9,0
13,16,0
tdcq23
14,16,15
14,15,14
13,15,12
13,14,11
11,13,10
0,1,9
12,14,9
0,1,8
11,13,8
0,1,7
11,13,7
0,1,6
9,13,6
10,12,5
1,2,4
8,9,4
10,12,4
0,3,3
8,12,3
0,4,2
8,12,2
0,4,1
7,11,1
2,4,0
7,11,0
tdcq24
5,7,15
5,7,14
5,7,13
5,7,12
5,7,11
5,7,10
5,7,9
5,7,8
5,7,7
5,7,6
5,7,5
5,7,4
5,7,3
5,7,2
5,6,1
5,6,0
tdcq25
10,14,3
10,15,2
11,16,1
12,16,0
tdcq26
9,14,15
9,13,14
8,13,13
8,12,12
15,16,12
8,11,11
13,16,11
8,11,10
12,16,10
12,16,9
12,16,8
12,16,7
12,16,6
13,16,5
13,16,4
14,16,3
14,16,2
13,15,1
0,1,0
13,15,0
tdcq27
4,5,15
6,13,15
2,13,14
0,11,13
0,9,12
0,9,11
0,9,10
0,8,9
0,8,8
0,8,7
0,6,6
0,5,5
0,3,4
0,2,3
3,7,3
2,7,2
2,3,1
6,7,1
6,8,0
tdcq28
tdcq29
tdcq30
6,7,15
8,16,15
5,16,14
4,16,13
4,16,12
4,16,11
5,16,10
6,16,9
7,16,8
8,16,7
10,16,6
10,16,5
9,16,4
9,16,3
8,16,2
8,16,1
7,16,0
tdcq31
0,10,15
0,10,14
0,10,13
0,10,12
0,10,11
0,8,10
0,7,9
0,5,8
0,4,7
0,4,6
0,3,5
0,3,4
0,4,3
0,5,2
0,4,1
5,9,1
0,10,0
tdcq32
tdcq33
15,16,15
15,16,13
12,16,12
11,16,11
9,16,10
8,16,9
7,16,8
5,16,7
4,16,6
2,16,5
1,15,4
1,16,3
1,16,2
1,16,1
1,12,0
13,16,0
tdcq34
3,16,15
1,16,14
0,11,13
13,16,13
0,11,12
15,16,12
0,11,11
14,16,11
0,11,10
13,16,10
0,6,9
8,10,9
12,16,9
0,6,8
8,10,8
11,16,8
0,1,7
4,16,7
4,16,6
4,16,5
5,15,4
5,14,3
0,15,2
0,16,1
0,16,0
tdcq35
0,3,15
12,16,15
0,3,14
11,16,14
0,4,13
7,8,13
11,16,13
0,4,12
7,9,12
11,16,12
0,4,11
6,16,11
0,3,10
6,16,10
0,3,9
4,7,9
8,16,9
0,3,8
5,7,8
8,16,8
0,2,7
4,6,7
8,16,7
0,1,6
4,5,6
8,16,6
0,1,5
3,5,5
8,16,5
3,4,4
7,16,4
1,3,3
7,16,3
2,3,2
6,16,2
0,3,1
6,15,1
0,2,0
5,14,0
tdcq36
0,5,15
0,5,14
0,4,13
0,3,12
0,3,11
0,2,10
0,9,9
0,10,8
0,11,7
0,10,6
11,12,6
0,10,5
11,13,5
0,14,4
0,15,3
0,4,2
7,15,2
7,15,1
7,15,0
tdcq37
15,16,4
15,16,3
14,16,2
14,16,1
14,16,0
tdcq38
4,6,15
7,8,15
13,15,15
3,6,14
7,8,14
12,15,14
3,5,13
7,13,13
2,4,12
6,13,12
2,13,11
15,16,11
2,3,10
5,13,10
14,16,10
1,3,9
4,5,9
8,16,9
1,4,8
7,11,8
12,16,8
0,2,7
6,15,7
0,2,6
3,4,6
5,14,6
0,2,5
3,4,5
5,13,5
0,3,4
4,16,4
0,3,3
4,9,3
11,12,3
15,16,3
0,3,2
4,9,2
10,12,2
0,3,1
4,12,1
0,2,0
5,8,0
10,12,0
tdcq39
2,4,15
7,12,15
14,16,15
2,4,14
5,12,14
14,16,14
2,10,13
11,12,13
14,16,13
1,5,12
8,9,12
11,12,12
14,16,12
0,4,11
6,9,11
11,12,11
15,16,11
0,4,10
6,9,10
11,12,10
0,1,9
3,4,9
5,9,9
3,11,8
15,16,8
3,4,7
5,16,7
3,5,6
6,11,6
3,5,5
7,10,5
0,5,4
8,9,4
0,5,3
2,5,2
tdcq40
0,1,15
5,6,15
0,2,14
5,6,14
0,3,13
5,6,13
0,10,12
0,10,11
0,10,10
0,10,9
0,10,8
0,10,7
2,11,6
3,11,5
5,11,4
5,10,3
5,10,2
5,7,1
5,7,0
tdcq41
13,16,15
14,16,14
15,16,13
14,15,11
14,15,10
13,15,9
13,15,8
13,16,7
14,16,6
14,16,5
14,16,4
15,16,3
15,16,2
tdcq42
0,1,15
13,16,15
12,16,14
12,16,13
11,16,12
11,16,11
5,7,10
12,16,10
6,8,9
12,16,9
7,9,8
12,16,8
8,9,7
12,16,7
9,10,6
12,16,6
0,1,5
11,16,5
0,1,4
11,16,4
0,2,3
12,16,3
0,3,2
12,16,2
0,4,1
12,16,1
0,5,0
11,16,0
tdcq43
0,3,15
6,8,15
0,4,14
6,8,14
0,4,13
6,8,13
0,4,12
7,8,12
0,4,11
7,8,11
0,4,10
7,9,10
0,3,9
7,9,9
0,3,8
7,9,8
0,3,7
7,9,7
0,4,6
7,9,6
0,4,5
7,9,5
0,3,4
7,9,4
0,3,3
7,9,3
0,3,2
7,9,2
0,2,1
7,8,1
0,4,0
7,8,0
tdcq44
tdcq45
15,16,4
13,15,3
11,13,2
15,16,2
11,12,1
13,15,1
10,14,0
tdcq46
7,9,15
10,16,15
6,7,14
11,16,14
11,16,13
11,16,12
4,5,11
10,16,11
2,5,10
8,16,10
1,16,9
0,16,8
0,16,7
0,16,6
0,16,5
0,16,4
1,16,3
2,16,2
3,16,1
5,16,0
tdcq47
0,11,15
0,12,14
0,13,13
0,13,12
0,13,11
0,13,10
0,13,9
0,13,8
0,12,7
0,10,6
0,8,5
0,6,4
0,4,3
0,5,2
0,6,1
0,7,0
tdcq48
tdcq49
2,12,15
13,16,15
2,11,14
13,16,14
3,10,13
13,16,13
4,10,12
14,16,12
6,8,11
15,16,11
15,16,10
15,16,0
tdcq50
0,16,15
0,16,14
0,16,13
0,16,12
0,2,11
3,16,11
0,2,10
3,16,10
0,15,9
1,15,8
2,15,7
2,14,6
3,14,5
3,12,4
2,13,3
1,14,2
15,16,2
0,13,1
14,16,1
0,16,0
tdcq51
0,2,15
5,13,15
0,1,14
4,12,14
0,1,13
4,12,13
3,11,12
2,3,11
4,11,11
1,10,10
1,9,9
1,8,8
1,8,7
2,8,6
1,9,5
14,16,5
0,16,4
0,1,3
2,16,3
0,1,2
2,16,2
5,16,1
5,16,0
tdcq52
6,16,15
6,16,14
5,16,13
5,16,12
4,15,11
3,15,10
2,13,9
2,12,8
1,12,7
0,11,6
0,11,5
0,10,4
0,9,3
0,9,2
0,8,1
0,7,0
tdcq53
14,16,15
tdcq54
0,2,15
1,2,14
tdcq55
tdcq56
5,7,15
5,7,14
5,7,13
5,7,12
5,7,11
5,7,10
5,7,9
5,7,8
5,7,7
5,7,6
5,7,5
5,7,4
5,7,3
5,7,2
5,7,1
5,7,0
tdcq57
12,16,13
11,16,12
11,16,11
10,16,10
10,16,9
11,16,8
tdcq58
2,5,15
11,16,15
2,5,14
10,16,14
0,16,13
0,10,12
0,13,11
0,16,10
0,16,9
0,4,8
7,16,8
13,16,7
15,16,6
tdcq59
0,4,15
7,8,15
0,4,14
7,8,14
0,5,13
7,8,13
2,3,12
4,8,12
5,7,11
0,1,10
5,6,10
0,4,9
5,7,9
0,10,8
0,16,7
0,16,6
1,16,5
4,16,4
6,16,3
8,16,2
tdcq60
0,2,6
3,6,6
9,11,6
0,4,5
9,11,5
0,10,4
0,10,3
0,9,2
tdcq61
9,13,15
9,12,14
8,11,13
8,11,12
7,10,11
7,10,10
7,10,9
7,10,8
7,10,7
7,11,6
7,12,5
7,16,4
8,16,3
8,16,2
9,16,1
9,16,0
tdcq62
8,16,15
9,16,14
9,16,13
8,16,12
8,16,11
7,16,10
6,16,9
5,16,8
4,15,7
2,15,6
0,14,5
0,13,4
0,12,3
0,11,2
0,10,1
0,9,0
tdcq63
0,8,15
0,8,14
0,9,13
0,11,12
0,12,11
2,13,10
2,14,9
3,16,8
4,16,7
5,16,6
5,16,5
6,16,4
7,16,3
7,16,2
8,16,1
9,16,0
tdcq64
0,2,7
0,4,6
0,5,5
0,7,4
0,5,3
7,8,3
0,6,2
0,8,1
0,9,0
tdcq65
15,16,15
15,16,14
15,16,13
15,16,12
tdcq66
0,11,15
12,16,15
0,10,14
12,16,14
0,8,13
11,16,13
0,7,12
14,16,12
0,6,11
1,5,10
2,4,9
tdcq67
0,1,15
6,16,15
0,1,14
6,16,14
7,16,13
7,16,12
8,16,11
9,16,10
9,16,9
10,15,8
tdcq68
0,6,15
0,5,14
0,5,13
0,4,12
0,3,11
0,1,10
tdcq69
tdcq70
tdcq71
tdcq72
6,7,15
5,7,14
6,7,13
3,4,12
6,7,12
3,4,11
6,7,11
3,4,10
6,7,10
3,5,9
6,7,9
3,5,8
6,7,8
4,5,7
6,7,7
4,7,6
5,7,5
5,7,4
5,6,3
tdcq73
tdcq74
tdcq75
tdcq76
tdcq77
10,16,15
11,16,14
13,16,13
tdcq78
0,7,15
0,5,14
0,1,13
tdcq79
10,16,15
11,16,14
12,16,13
13,16,12
14,16,11
tdcq80
0,10,15
11,12,15
13,14,15
0,4,14
5,11,14
12,14,14
0,5,13
9,14,13
0,3,12
12,14,12
